name      	2x	??	3.0	??	3.1	??	3.2	3.3
GOTHIC_09					62	0	54	54
GOTHIC_14	56	81	70	400	63	404	55	55
GOTHIC_14_B	57	82	71	401	64	405	56	56
GOTHIC_18	58	83	72	402	65	406	57	57
GOTHIC_18_B	59	84	21	403	14	407	14	14
GOTHIC_24	60	85	22	404	15	408	15	15
GOTHIC_24_B	61	86	73	405	66	409	58	58
GOTHIC_28	62	87	74	406	67	410	59	369
GOTHIC_28_B	63	88	75	407	68	411	60	370
BITHAM_30_b	64	90	76	409	69	413	61	59
BITHAM_42_B	65	93	77	412	70	416		60
BITHAM_42_L	66	94	78	413	71	417
BITHAM_42_M	67	95	79	414	72	418
BITHAM_34_M	68	92	80	411	73	415
BITHAM_34_L	69	91	81	410	74	414
BITHAM_18_L	70	89	82	408	75	412
ROBOTO_C_21	71	96	83	415	76	419
ROBOTO_B_49	72	97	84	416	77	420
DROID_SER28	73	98	85	417	78	421
LECO_20_B			86	0	79	0
LECO_26_B			87	0	80	0
LECO_32_B			88	0	81	0
LECO_36_B			89	0	82	0
LECO_38_B			90	0	83	0
LECO_42_			91	0	84	0
LECO_28_L			92	0	85	0
FALLBACK			418	0	422	0
